-70.17721571307271
-93.36626411877259
-90.51346191603496
-76.66492770652566
-32.82150159017167
-38.996416871076555
-84.13762258504497
-31.249635388030683
-50.104850166230094
-80.12156405983838
-107.01590159859751
-55.86057181268055
-64.27561064759352
-40.38875907992707
-76.38466033081826
-94.26776787289391
-94.81415570207879
-99.06743581633133
-94.68269732453487
-92.43289754207345
-21.984778923513424
-108.85803181289627
-58.50140525253577
-42.44392153244354
-77.26284162732638
-88.82328653083768
-47.877137884712525
-36.58838774129409
-64.47558067757564
-77.59051930168337
-44.6255209103399
-31.341477768189247
-27.80066397667208
-11.182545716000654
-47.32323545992997
-14.11919048083862
-12.012330766812767
-55.15215679328299
-38.86937443838691
-30.970780942059047
-67.28648624717933
-52.82783768128386
-83.47531245057759
-43.93849612310383
-37.359375633321214
-54.874222577573725
-55.10026081478683
-25.55255968459642
-32.292631974322
-62.48004638248046
-117.50216991969008
-19.584749065884527
-42.20401639652879
-58.10035558558213
-26.687731250593952
-47.59120861238637
-51.23597324838314
-38.71754988190711
-34.12986524248454
-58.37247329313585
-74.87799861735778
-87.0549442288045
-45.95651710617692
-43.04745785612605
-55.57696132452445
-6.741340258204673
-56.900181424553864
-56.13288425727094
-50.58917677053303
-20.520237934532247
-9.444163457816442
-70.39178206450528
-85.199478145162
-134.20876145642038
-13.486457556198857
-121.98380422487881
-50.77702241378716
-76.49670527839639
-108.62458521591938
-93.66150751651317
-75.25638611349981
-110.14040765321893
-11.730239377541558
-77.2081248469198
-62.15843486347548
-67.22296204664735
-9.825813943065025
-30.02551085356171
-88.6593252133846
-79.1407618347989
-7.536423273774602
-16.252284604393775
-11.77243821248719
-15.247243156067297
-77.55934615842118
-55.442037420524585
-13.494557233624588
-8.1130053217645
-73.4566370831373
-11.688086615733452
-67.10965414984304
-19.32920341304354
-75.7978656989794
-76.70163657329547
-109.60841759940348
-8.51027113515988
-76.94617204986278
-8.965742387771861
-79.10279212774644
-88.79530602768665
-80.4871694235568
-42.68920925915423
-9.107755196515326
-68.6592722855775
-9.316352374989513
-66.01450674941479
-117.54045717842423
-69.01768295736393
-76.0331637319501
-73.55348506406698
-86.95866352117741
-62.88944787606791
-56.997614973897164
-83.74938254303683
-15.360097547664791
-85.8482858059385
-64.11561476060723
-80.04837366077871
-56.44053471173647
-133.3969485965535
-90.29399326680665
-55.353268158268655
-46.04021919618178
-62.716534494718225
-13.617894182527733
-9.759271168424121
-84.83526704955527
-45.84648884444624
-71.24851027146448
-38.83013786957943
-6.04208187613852
-68.81182176280299
-56.3016586532681
-70.04059307662686
-66.01457364739653
-58.93614274261079
-60.806650038357894
-15.156070025483377
-44.52572252847868
-71.55333336277825
-14.61513471273767
-6.108022131310425
-24.209011504004515
-8.772303665028748
-48.8147850965247
-21.367281243139097
-65.23197395392356
-20.1036204504918
-68.24278708609454
-21.032927729009796
-52.001897814120916
-7.806710132936879
-8.144784889817181
-78.80382490898856
-23.581008878529115
-63.40020691014919
-56.56920815061696
-9.529481576825612
-77.6833023777842
-72.2221280574215
-5.396078835427938
-58.902825121825494
-55.031100675892404
-44.22548547684846
-64.43588473879349
-42.95848628320615
-30.400325548342654
-46.00998599377601
-39.444331317438106
-14.397053118827975
-9.09647707555108
-32.543991884247546
-38.798599547395426
-32.24888494490104
-65.54096664235209
-95.69839585352268
-17.48505650368287
-27.954765037709798
-70.83660531958718
-63.20981962055298
-32.1546318277128
-35.02907293444131
-46.87322213155271
-80.65080155472498
-7.902249562163992
-36.828591431049944
-36.92345318092359
-36.430006672813114
-38.31122853437167
-59.53505611867963
-71.26115322649203
-17.078109934189513
-55.45597870839062
-80.56084684599443
-57.811565396405115
-29.749916350397488
-79.36528271367324
-62.92863987097649
-53.14409079854297
-18.878853995927294
-8.054160354754467
-60.391243280421584
-52.56127157009321
-13.136878482490943
-20.517650812081374
-68.04615201491038
-53.44701942916149
-54.42511056284987
-13.468701246133074
-9.099852092090734
-64.41220634270731
-40.24428538339982
-5.445777597030108
-49.20974142809192
-65.27603618740109
-61.07163543316308
-23.7584804463176
-16.624606645332875
-80.2854271299309
-69.0979547010064
-13.248181715537676
-65.43878968906006
-19.508590585849092
-6.622822376738989
-30.56211589620094
-10.936304663932294
-37.51411205449856
-18.52416991371274
-45.61850161789524
-67.96135541245805
-75.67614200183404
-68.17071548964257
-67.25022584415346
-29.049627662349863
-36.277675892255424
-6.103003774449692
-7.87321608318607
-98.016957089679
-64.96455766516534
-71.41997289150841
-47.98829934949203
-26.36645113315538
-48.927902918939054
-46.78943126825834
-83.07185614665804
-11.149863972823452
-13.005274190272944
-61.55492793854326
-69.82061526453802
-8.51435209658213
-56.299390767960475
-13.120731356065617
-53.15858153215993
-16.145939822876738
-15.627060801071936
-12.33648797788752
-59.23134894980244
-58.671538234367446
-57.7789094040651
-16.067800054560234
-67.92986197344715
-63.98387978576256
-52.07918048488758
-107.02162506475987
-70.0259474188686
-27.96743238953809
-40.45912423374206
-35.862664822637015
-9.004926206125639
-12.78881772866164
-60.03707641850407
-97.41719585192769
-68.92060638646457
-32.837797013512635
-9.482037044334673
-24.15430201970963
-5.714970920261424
-10.708272309680165
-82.96820288163624
-74.60388426254713
-6.45914906611354
-38.05726684797388
-9.352114597325818
-60.10232956923092
-6.564921719274316
-22.69489763768203
-88.0564027426677
-86.54918233148355
-68.61717418061946
-15.373766093549477
-4.537504743379739
-65.22190529448703
-30.465295530697027
-42.956474145664366
-39.401787300666506
-60.26569168965364
-6.008015167510818
-72.3324378205141
-11.52963825259571
-79.0832501834566
-60.52438299562243
-70.4134874136573
-66.13589818574832
-6.60058109796979
-71.5876606992169
-9.542971774266618
-13.956915530698158
-9.450925120181255
-45.82649072132742
-37.693391204253075
-62.2305351411589
-15.969358374074138
-59.25578430900148
-9.415945919748644
-9.821145549729517
-75.77970581300985
-13.254972806018497
-10.639224486846668
-69.82629267766352
-7.2937053536762715
-40.67956316170538
-39.88444094612982
-49.74980907374908
-59.35438149859797
-29.331667707597394
-61.670979713253665
-11.872840258378652
-66.4616667637908
-63.28554162661492
-65.0987038322795
-14.782232573666828
-41.35363195190129
-41.23574562400142
-59.36236132378875
-52.353252585268365
-55.319375269085285
-49.405323269582134
-52.22502470144695
-68.05527172220455
-12.409987583869238
-62.10232420496683
-5.45838708832974
-11.405298475191342
-7.560768181601161
-5.585101502932
-7.6968212077296005
-14.029581531098302
-59.69001583790797
-54.75466900239492
-42.94762206032291
-9.955097178691119
-69.06337795642145
-37.85909735684507
-4.745678506408346
-6.228626069806703
-45.3282161857515
-20.318460003439387
-22.69851410395899
-49.45720693015504
-15.10278225338079
-9.406831423810848
-45.66611003555168
-7.080043287006381
-6.330546679189332
-83.88719149753648
-53.96940950816097
-33.16985888607324
-36.71005657503049
-8.84688888689039
-82.35182681166589
-61.95526613299934
-7.38311669822208
-9.685120902502975
-75.91080957466448
-4.834248102094505
-5.198644278591919
-44.445836847974824
-8.624542271328274
-11.91389604499975
-53.287540147343975
-7.286500503754145
-64.92043546435904
-18.989822015978344
-9.830620257953239
-41.30691532758935
-10.362897334635003
-11.462520868991177
-46.65929893113562
-49.85350573509789
-74.19225211279482
-54.02062414659598
-11.085844224644665
-36.63399948533207
-58.43057337550625
-72.28289751509189
-22.956837608446087
-10.400076905748767
-36.63319348448085
-28.258613906217757
-35.459712732809336
-33.94129052061333
-60.01423587466324
-47.69772785450159
-9.599854754363847
-75.59072374699228
-7.364050035350441
-10.613694028377967
-37.17306371222719
-65.0372398085295
-8.411635764753598
-7.665703626524348
-49.071507213696655
-67.3831373046799
-35.01917359090309
-8.343711813174494
-34.29450900029348
-23.229969535643782
-8.22478751321209
-53.16876392787167
-19.762923504209713
-6.491373016043035
-67.56732087579162
-8.773409903819315
-9.987218837433584
-34.1753451208994
-45.33894305686649
-7.7826888632309945
-47.755563617601545
-47.763253095421945
-28.14744760445196
-17.78289560943484
-9.537221360308317
-13.358751363779788
-63.58547523688665
-5.007471718648481
-64.38494068488791
-39.92395611689448
-47.699809777913444
-34.15440624238614
-13.857264029012462
-7.653564729663888
-16.895483887732883
-4.982758394873474
-48.48742906886046
-6.177947848930161
-66.88370705578376
-54.25044249285571
-61.02518005087178
-47.3086105934409
-42.07507727372297
-6.782292068234707
-53.97856594145094
-6.767785056869974
-15.754862111594875
-40.406826111392995
-6.723405247365093
-33.521438408706686
-51.60206764155443
-70.03288860111644
-53.057026685091095
-43.056444720727654
-6.350628284803204
-67.64607964663293
-35.19449043919032
-57.875711178219305
-62.33562047333486
-67.6576950626668
-43.61061703114923
-17.161048829957533
-87.75152281450261
-37.31540893344061
-11.860669379089778
-43.32877259578329
-10.2573690946696
-8.384779464866273
-55.345478406784096
-63.273487789452844
-50.397611902673745
-62.01804724475591
-36.95353028162032
-9.705009908746895
-51.8642046611503
-66.31229573366815
-67.45331524199784
-52.73469468426772
-11.679099561993487
-42.971720307606134
-71.18519410215386
-62.2072157139663
-52.60506574226945
-36.61597065672997
-58.37456451825624
-70.30385071999171
-23.531294345748464
-8.004140219661855
-26.285896700895343
-35.017622350855355
-35.67378868524416
-5.472857303205316
-15.922429063508915
-43.83877613471577
-15.944760822496209
-33.32854979883501
-4.20674958672405
-9.055287812457248
-7.379714212160158
-5.109471452327118
-9.469791414811121
-9.71723583030803
-7.049685378918153
-47.57967927810813
-41.987272039091756
-22.73824243016406
-76.0515971194987
-37.69730273195912
-56.38486536171742
-60.423632035315784
-8.674805864887002
-74.41128359020917
-9.917537656697444
-72.79890675789058
-86.14269333052673
-37.903984625299906
-9.576606664601462
-35.014153348206015
-63.70701705930731
-4.974565185904699
-65.52662202580773
-4.748602797762846
-63.59343198981773
-65.69821172582704
-13.651219580823998
-6.0837737914402625
-50.589777287265676
-67.85038031315901
-9.335635311051252
-54.628734800444654
-11.515148786818875
-5.804168768351253
-8.297535773188883
-58.08570761044283
-46.34916534199432
-72.3885787537418
-21.431168639453833
-17.192884343821046
-11.201475411257968
-12.243189135469787
-14.565679584176621
-21.381467196758248
-81.80570593476183
-55.89025125680172
-48.425767237317544
-14.150170318022008
-7.3131871012597385
-59.67978083956386
-45.869644276408266
-61.68391788306814
-9.059239976477368
-53.28560744294649
-6.878175428872185
-66.81067884668505
-8.85412039952169
-15.730419056828032
-55.404678847826936
-44.315406061330364
-18.720368884844152
-15.33571931829602
-52.35897089360063
-15.708809503302142
-55.08210899020868
-52.1152838342092
-26.565068702434065
-8.548453827314416
-10.924767371488098
-28.426750896204815
-7.917563392880029
-10.750679439797416
-5.62963929216771
-12.400338253379719
-30.924944084591928
-74.15746307814116
-31.715846703491717
-9.570537255566686
-52.860876154026265
-5.678772987971532
-17.085539946791584
-9.681474556081469
-8.617745439263562
-6.604119138716466
-40.49346811530587
-6.25599222412543
-8.947971707731002
-57.348415463518386
-52.109241580129314
-15.90826886641099
-20.0934458139365
-18.674921600350967
-18.28982276733599
-7.635298699543523
-69.32530584633643
-36.69028236962672
-12.94097629483797
-51.96100616418897
-30.449719564286866
-15.137009773258127
-7.539617118971253
-13.801509118905061
-21.96372221013204
-15.564260875126815
-15.551943211268553
-48.2616385606114
-44.960062006803504
-8.219258061356333
-59.327646734533175
-64.90623085045463
-44.911145695366656
-72.13578635347258
-51.49049945608919
-12.278691277910347
-14.693092240192184
-8.501975974161816
-28.922883684851506
-66.47270638286408
-20.536907344566337
-78.46526758446711
-57.89711864957287
-48.20658524546995
-24.938689983949967
-10.061593853986306
-20.877600511763166
-12.680497255506442
-39.53052896124439
-32.37532530126989
-52.25043209137732
-24.81960974883081
-24.830149684214813
-31.903395813130416
-11.269794957369315
-10.113772196746192
-15.376056040892175
-17.8166103322152
-39.44306980419358
-38.6172692539997
-7.377372840329122
-12.474494737293485
-6.989233902474878
-56.93320125502919
-4.593175252572055
-34.77592919706074
-35.3849801502468
-41.13533861240142
-9.920032091560161
-13.675606870897727
-27.498612090789198
-54.66710169336316
-39.172296122557654
-21.942211215779345
-48.22713064680043
-48.609054797124585
-7.2989424723801966
-31.543497892386167
-14.071385529314252
-55.04426764100698
-11.215979109314695
-28.88869864140298
-14.004578022430413
-15.353514462873035
-17.685977719474977
-24.80631046862421
-4.307141883195728
-28.873269387566776
-59.166069394691576
-10.931282547371556
-6.163558967468994
-63.36064079463075
-11.254325651351254
-51.4396612968983
-20.009619485987894
-14.382305883482752
-19.125909792419193
-13.39270640835969
-24.184924156933032
-4.863197435587842
-47.17387307392172
-14.612435321158237
-46.093830718664925
-30.097809241529866
-5.461627155746539
-9.741469789161041
-57.99327549150227
-12.72484530127175
-4.385994148018805
-43.34447682325734
-43.700362861028346
-55.25503317183393
-10.782998168178029
-36.4246706077699
-11.675757378408305
-8.845146307215524
-8.036282898804018
-6.643902260903073
-43.68123757357136
-11.861203536687942
-19.804181013553617
-66.08107497448707
-19.68631750342374
-8.655765983674664
-7.67708983743408
-7.919088987140303
-37.287628166951876
-80.88048195661884
-14.712262427810726
-5.764560200486088
-9.197663072266701
-5.689949836141453
-14.225210200626153
-8.80422459244774
-13.119792757995077
-63.16540401263485
-12.563826591910665
-45.827960999208116
-46.05860362782044
-26.90912506379722
-11.10099464309794
-40.39936057874424
-11.12243394740992
-50.695012349750264
-55.72087344322095
-22.23248376170831
-12.75451856893149
-51.49745875436869
-119.65886284383225
-6.412368914109333
-17.478474204430754
-21.82460855642415
-7.540388033207257
-45.98680355194264
-67.21771258173474
-58.672436477895296
-25.009589656836084
-53.06978076825031
-8.149220433284686
-30.683678336552774
-15.493417119418249
-7.501681051103882
-38.746743094021134
-59.88872694398606
-51.8030870996297
-4.962401942387782
-17.790128501007914
-55.875773947042724
-65.02925525999495
-76.80756756794567
-17.846078096807513
-9.638296310692345
-9.383209365762383
-10.960773910205265
-24.205560087563185
-29.905124953123128
-6.695458218433981
-26.320742510510357
-12.968464842930674
-36.31483186943211
-35.146250781850426
-32.49402718740319
-7.834802129404652
-17.40111018363467
-41.02754895909949
-32.68001009852903
-8.025631903562777
-66.52408947128094
-41.735531000324634
-16.592361925053304
-39.03170237745477
-21.89272068340176
-58.1558785890538
-20.226692888506246
-38.34680253555922
-5.446502523310329
-55.125406976035244
-40.894813192979846
-41.36288679464873
-18.331593304168504
-18.981915643987715
-37.10804997911973
-43.50150781174776
-9.975358054185513
-35.0589934122453
-13.239346933727711
-43.1519492444133
-24.992377862762712
-17.562590090095163
-15.962645192573175
-5.742046659264114
-15.75233012414974
-89.52281998343148
-29.426874357414214
-30.145063052616784
-8.631253652181119
-42.33437031494626
-11.688337765584858
-13.649898403988578
-8.502951139925734
-7.3779644099726935
-25.270167061119693
-9.870736158528528
-31.932620692722455
-40.33170870901669
-30.79011097580022
-11.2069957743817
-13.296947397451579
-11.126014466630293
-41.222046681426534
-38.24438445975356
-12.97922596457244
-31.92770124101162
-56.15194530004447
-32.726173382309284
-32.48207776710062
-49.003179845906985
-51.01356029692383
-9.17244576497359
-4.41465664322053
-35.334884207833994
-6.636279012990614
-38.28017334464334
-55.247155526205454
-29.40253539740395
-33.58491704675236
-27.89869799964179
-28.54417004104043
-31.119243793964625
-6.262077620159201
-22.820668725094887
-19.906606353874082
-42.50869637772956
-40.598162101745814
-22.461300860700305
-31.93370723973203
-37.8501730163511
-38.311475544047674
-11.235058356783542
-52.14093094283636
-13.886197604253265
-33.27485174657309
-13.578033221481755
-59.394964832722515
-44.0416580496887
-17.339989557974032
-57.17398971717354
-46.45685606218768
-3.43275722788527
-10.195086323923867
-37.31811562448839
-32.47889578283858
-46.33238672107833
-54.67042674326096
-32.712066714953515
-8.228878641955937
-60.11623588849827
-35.37530773239448
-28.958257078293805
-34.10011691573665
-43.362938103337875
-37.01395235434792
-33.20626821222382
-11.636577101174401
-33.293711162609654
-48.74443496203579
-21.599025341767913
-40.85800118971651
-68.54287986006253
-37.06781635959825
-37.04771401739257
-29.143891669611865
-37.489140529453074
-26.94551324628767
-30.276229264403064
-51.33679043689539
-34.734155782373556
-38.76533844105986
-27.767925943771615
-15.056735686620527
-8.250631562543745
-33.328121655127866
-8.206471836129138
-22.271296623482773
-11.880293816174865
-44.79740654414556
-41.0045760815022
-36.77291797169006
-37.22552224058599
-29.8320454139136
-4.646320487161617
-34.438867063227214
-51.864383685258844
-27.058128613966506
-17.344554983170713
-58.764733940695564
-32.10702060672842
-37.516631696805234
-9.70736941950538
-48.24912283813552
-23.85622388093858
-37.4689756852356
-36.26929255415655
-6.425002254881469
-35.91758404635969
-27.782474374459962
-8.634041440633858
-26.686216893971597
-23.927289933907417
-55.31827158608404
-9.544059005997891
-45.19798806925584
-39.087479011154336
-17.73736889636884
-35.32743789828683
-9.034690669469793
-20.418788384760408
-45.41360601662974
-56.8694211772449
-40.30748138504196
-6.731741275802147
-65.26536671225456
-47.79515776622774
-16.203530034683254
-54.20716302713223
-17.59157030834208
-43.69361759756474
-49.046498146343
-21.273097783810734
-12.270388892677088
-21.820017987636994
-31.496768143752913
-20.64400720514831
-12.266792278687007
-6.785303925490961
-37.27734524683681
-33.78038650649377
-45.476453232282196
-24.894795230098897
-49.1627049727919
-22.054180932068654
-22.076939302633647
-26.639764869753616
-33.551800402192384
-55.56103286155673
-19.29085633039688
-52.378912743944156
-30.878931388020856
-12.854757073162899
-25.420757377572425
-40.5047488116076
-19.055053258313205
-29.726772140586895
-52.62107330849987
-9.043064299714361
-64.44731325735135
-72.91079651602718
-74.91415932951105
-25.318008220824
-38.6435144851845
-6.209356626392151
-38.618899817098225
-65.73572620912353
-41.794074493280114
-33.37375720212825
-36.53569512170935
-9.93104072162023
-46.09389414438698
-22.415195851859345
-16.11758325594203
-30.804442574125215
-43.31366777143655
-59.13045915769167
-12.043842986843803
-18.88251955302968
-36.46707703402791
-10.010714193415279
-28.23849883505071
-21.510129794788853
-40.14001439147902
-10.721521648443526
-18.982716080204813
-67.17779009030018
-32.69407242869562
-20.432043464821966
-26.318132895880698
-43.53529371379854
-10.09060886678386
-35.90079949827834
-52.227014559857324
-21.097880807069448
-43.38766627379478
-50.1581094314673
-9.889206093070483
-26.49141213139142
-35.189138086880064
-43.89801415524591
-37.24472502446801
-17.857229597230734
-52.86737790276186
-43.08636500281491
-63.36055460548562
-53.00147068231442
-26.605876249043764
-29.209964379658956
-34.0507830817657
-7.352629732967568
-13.02214908588675
-35.07179838881728
-48.00726824264555
-16.98172307340436
-44.82576729518186
-37.37957266724804
-35.3651661180358
-18.352624434101187
-34.176325050696846
-64.03814382076874
-7.707206166702483
-47.89130932216634
-107.84447760043366
-36.0433400477955
-67.5779572027461
-67.09255893772946
-38.11515654981976
-56.88515683650541
-37.69077903164223
-39.374930227671534
-47.02971210231933
-47.017105872357305
-24.342193396216217
-30.354446336850593
-31.746856348947006
-17.71415208340787
-18.078422401829368
-25.45113667034273
-31.648954272623126
-14.615987531345128
-15.22666462417336
-41.577644729552766
-43.872291300769874
-21.248699394344822
-33.816348903643465
-48.15487029799848
-50.224113367431336
-14.46039575374927
-47.35201477479766
-39.228052793562675
-40.23535400596589
-39.056452996979594
-14.724264597829656
-27.922787813420452
-49.485240852646555
-16.55663761173836
-52.953211203199515
-67.01042035019968
-37.17405729605628
-52.102098648157934
-36.156124921597794
-15.803622988196729
-20.396637741289187
-38.61934748589529
-17.352736696339786
-53.229769502524384
-16.885096330518625
-16.753348982400915
-72.48038545553123
-52.09923619449931
-23.13281294874506
-9.825325721479576
-43.26296913216935
-121.7520555830881
-54.743685309507626
-56.51652631918991
-35.37143489850653
-23.09143004461518
-36.98899332170732
-18.92376172417417
-23.353865061027268
-35.45750917716178
-44.28840370285454
-41.820835935070264
-42.177342349272465
-5.340909023653325
-12.958567785939177
-53.82181121023726
-9.028122555374146
-25.68007795902425
-36.255568223180084
-13.768927931532389
-20.259414338273096
-40.245806013610334
-43.14479910658725
-7.219217042507807
-24.460390421275818
-23.279290773103142
-38.71877532555749
-35.14006090497931
-66.75271709533826
-57.86808644587345
-35.67281050990874
-51.45454659463378
-21.794233035347247
-34.30828040174638
-21.465648471034875
-39.06160932345041
-13.92722581852123
-56.84026151923298
-30.64512481904791
-26.04056287551181
-8.33763363360141
-40.48193819479142
-18.767022678475808
-11.532112539505064
-50.01120888352191
-16.952385803370046
-16.911445533529367
-37.194081650023755
-19.456632169453382
-16.10794313241089
-25.32928985360219
-19.767744696673258
-41.877037757520235
-48.12711603543758
-45.40307367413208
-29.641110558172734
-14.235547180522325
-39.91711966055706
-42.067995522856215
-63.747321819691784
-33.354985911117964
-41.06466764605608
-14.73359313273186
-35.57189844235852
-49.4469794020771
-28.2768549371389
-28.699029241874378
-38.34210635476478
-57.218045577128755
-9.88064137333067
-56.319660679817254
-36.26669540132201
-52.2450869106939
-10.112108715550308
-50.08740724535444
-67.74499361629125
-110.37921421822656
-42.15623124757207
-54.089068771757866
-66.8379358292864
-83.3555981321545
-47.059448233029
-77.93097579627046
-32.227776380815506
-10.780159708119955
-49.04928127561766
-24.22584885739382
-65.7448426288649
-46.828604294923196
-16.80433821504227
-41.349332039804494
-69.49063252201557
-54.405688360575766
-62.41365535873412
-59.74996510428351
-7.6687598082893675
-67.3007707578349
-12.679367277071416
-63.30007287628524
-67.89754824452294
-52.668662509003155
-65.04021364528253
-20.303829577143127
-33.33539709380917
-85.06152396067147
-66.8728410279953
-32.015337409044754
-74.75024667371125
-19.2749860717825
-105.54041243002251
-36.003751227907436
-21.90467068659563
-36.709099790027246
-27.75150348586542
-35.06141868943905
-64.92990156832604
-67.92304338222351
-74.95623780454096
-57.162881023742706
-51.23493528662437
-31.879738718775503
-41.92642326947168
-97.55108526260854
-42.94436200006287
-62.860472839709445
-98.11201124182637
-74.61795481764393
-43.205304105216285
-35.190076930601464
-19.52289483897916
-104.79474146717185
-61.85832277940212
-32.26109027654329
-13.626575714551489
-46.409694862207346
-26.53133506726651
-44.698490833844204
-70.7658574633891
-39.117202190817494
-61.9147981604221
-59.05156895647221
-19.970867308164234
-49.434488432925455
-90.52247455899911
-31.706410625059437
-51.076094438778824
-45.079624965657715
-77.56899852318493
-53.74457980043371
-34.05678994258607
-39.23654020611654
-58.991765392150086
-43.81758055066703
-19.14284733661577
-34.78557342612112
-10.04862426214952
-30.268617773644486
-28.949997333263074
-11.205562420351669
-73.06989267590653
-34.69758555909228
-34.683962279371144
-56.063224081914676
-59.5368224827489
-14.28440893071397
-82.05671344182265
-71.10322829243415
-54.641372264454986
-12.15776815276443
-40.64332826573833
-52.63458808151383
-36.22655838894232
-82.1941891893801
-20.851716234264124
-27.178193936185203
-42.9916860537895
-10.410020111732296
-31.18561048393012
-92.29664079516719
-67.6303357404314
-92.3359675342833
-26.105833070493173
-77.19971530052787
-52.52884761408766
-81.28901886633302
-34.65885853906397
-40.89413997665108
-41.34544240025155
-42.39118720879995
-26.895117043101745
-64.01006771895949
-72.95299543116583
-51.788871064198425
-36.042358333790695
-58.59263625663875
-57.63910996819314
-66.90901497232383
-25.931755030169462
-49.2739485002966
-41.11206183629404
-37.49589364403064
-11.306112059968713
-14.132893014424374
-56.64777529468475
-23.76933926722055
-6.918782502781467
-52.74450248971528
-17.163278074615768
-33.581705467161925
-33.09673044847815
-32.9524973690531
-35.4081194162888
-56.372623530218895
-45.4169358645577
-44.78631490525771
-60.41808873113699
-43.06510804974497
-36.71378778711599
-35.95521164996741
-112.38148009206245
-51.83328574212226
-42.10885997468677
-19.577327592403353
-4.578755284938533
-14.829866503282924
-24.36488394157434
-61.08250188778794
-78.21672819644289
-46.5224728233156
-64.24309580049876
-38.37815673367445
-73.46359714666241
-46.43085031421594
-35.77500972160728
-66.09714042801248
-66.79196347044986
-9.132351006281468
-34.60282545365192
-47.26438996103223
-13.64888647634347
-23.201320244629066
-8.811046616958635
-45.9425579475714
-20.67244346296478
-32.13523183636637
-34.301969471644156
-43.301014762181346
-20.913515561273645
-74.36604769706814
-36.376548630024715
-14.85586928543016
-16.93535315882629
-56.54926164633906
-25.49248318920145
-8.229914406136922
-32.05283698237093
-35.206195089178166
-61.70410212812169
-58.914283214955596
-12.206482472051595
-63.19063089235562
-20.719547102540357
-114.07116723218442
-39.13381598691729
-13.393795473991347
-83.35604960660264
-44.450121621019164
-25.989138587231267
-38.27499876050041
-42.65243339682517
-81.25800353046303
-24.899700939545653
-43.571192376565286
-47.79283247256508
-9.753709083163102
-121.00240975910353
-46.10003988328743
-55.3253079028859
-53.104208001681585
-127.34580446757904
-48.72685524736204
-11.07981219516518
-41.924724743227195
-110.91931887725804
-11.256562296087138
-11.73056908457931
-35.66138535386164
-38.61123632341671
-64.41913994911171
-8.908513232937734
-29.609233741957745
-50.151817327891365
-43.38299012412482
-45.11397269071167
-36.94447351407204
-88.85790208481032
-67.63785951070473
-6.973753525144389
-49.64648424305894
-59.58054204191783
-41.004850839039605
-8.23779550161882
-38.710822379538975
-12.66793257186307
-23.76321853791105
-22.986136194736687
-31.46910532064902
-18.118808191542588
-16.84098003410077
-43.65220351900131
-13.796679802301894
-49.42245688474033
-10.80095978695663
-20.76396320599548
-116.85881067046658
-41.17867676204206
-72.5713144415727
-47.039413176321176
-49.98150004746792
-9.891868939193746
-8.0237447350279
-44.261304771434055
-23.2723044995989
-43.597857157095
-24.379263058854338
-15.691680459189955
-62.34728788920522
-35.77844741387487
-30.145051762727046
-43.39682299799461
-67.70021370724011
-54.588144195360655
-8.321185679745161
-29.961138187397424
-30.634223371449785
-16.373694300624468
-41.709874651610136
-18.95902400156672
-39.759422986867996
-35.556441307054385
-26.58548073364081
-33.14605389807701
-40.675302753748255
-34.73701987857322
-19.29510047521769
-9.552398032283952
-9.969288954860676
-31.313313305743627
-37.29742759046396
-36.510723323492435
-18.839041964722718
-9.308176341264513
-95.78596781345865
-20.90530252364811
-30.485072500053345
-104.83783871503492
-14.240341000841097
-25.464287535768346
-51.638606937609325
-44.56002046818546
-7.816471418562258
-28.711737608971372
-22.267920681240795
-38.92588888669816
-74.37029367857504
-118.20677564083873
-117.99447834469275
-25.57619697299942
-29.68402518235886
-66.37855038837074
-45.54641513032444
-18.643312074201887
-45.74220396083811
-15.725786376182462
-34.05297053367257
-108.2666797807544
-48.69657905317375
-16.39389689121877
-15.431292355261158
-61.98478152169417
-40.6890903244846
-8.790390984583304
-8.763942132800755
-54.76660357838953
-38.53660726585804
-44.71718103193399
-24.878774139213977
-60.18162099637022
-25.415523876861347
-33.58727807645299
-40.40112054787823
-35.34429643147243
-15.043880109845993
-6.427508097274427
-67.36785027089377
-48.544263054054106
-39.16196195437118
-84.62455893711942
-46.143478263668136
-19.624498383266037
-61.67277909717164
-19.32062512153411
-57.487660547042026
-20.60363483660356
-29.000588448124443
-21.099559420983333
-15.612043411673556
-28.852015821599416
-12.048942535061821
-30.515783990985216
-39.69253881039537
-48.48678088545299
-48.08654513149207
-60.20897490806574
-15.702330789562179
-34.70607735265516
-23.896284538582968
-53.14748839066392
-44.175181800864934
-16.960365790869417
-23.114656239342068
-108.17440095751647
-11.84472134203492
-42.500940150483636
-10.300108869391682
-55.90681417873693
-30.10569696055218
-105.40502514961415
-111.35458620919376
-67.56058634390307
-9.757165217732561
-49.41204555290648
-41.27533891614741
-37.90152921273711
-38.5728659968428
-39.05906472964297
-8.15912566153246
-32.377619615260244
-78.81039133795544
-68.64294819200865
-42.945865874875345
-24.23321842675786
-42.81947764568373
-34.36614496812633
-49.616267734807124
-33.84285445089171
-108.75789279215554
-75.2956191503695
-15.580427349843971
-49.912216133932674
-16.73589983278903
-12.868548262364865
-44.045953626520024
-26.175015558989703
-44.10043717073172
-9.44768634958612
-45.93835187718024
-47.70805956545454
-38.963602360151604
-14.014096931690814
-15.197644117541838
-39.96800401246391
-44.63637546518512
-37.068599023462966
-75.11853663246276
-38.51643407602446
-28.466923637183886
-92.21863007130527
-15.57790589421861
-33.52942516597626
-8.122491715962074
-51.177730273102924
-40.968864123349064
-23.172815084746862
-40.998664382711446
-38.08344142256908
-23.35664558267865
-58.88102019594592
-73.43869282321614
-64.47876810264822
-33.900352118282555
-35.99852078600996
-32.116679320607915
-46.12381934602732
-34.550653291999595
-68.73351823685114
-63.168423842851965
-32.04434830306129
-45.7383604861217
-63.545153404396366
-19.927706349777246
-54.92477130274526
-26.5360580352385
-66.96423397387923
-29.983310947081478
-81.81081960869729
-106.34001171955572
-40.012425635337664
-16.800806808346866
-32.749707333956565
-46.14848849205314
-57.81975095193323
-46.96042409314318
-41.14136271662971
-38.854385968859866
-103.6992208113753
-49.41364385420278
-9.098223684002576
-106.18853534802045
-97.66860847621648
-32.15143509718186
-41.63570330964347
-56.81974071545471
-107.07037729508873
-12.697623696031453
-79.97161369184099
-43.88638852945981
-43.42125755765039
-56.537726276623665
-31.925447972225456
-96.47959720071319
-35.6596693807654
-61.71341198602979
-23.513051552769717
-44.27163647729599
-44.842218885951695
-31.828398293424133
-17.367388604924315
-12.358939774993466
-56.117078579052375
-36.32953023351464
-32.26294463668055
-53.48639958193595
-35.656410801214214
-20.71493743715626
-46.531431791521705
-32.63759908608695
-65.95164522282033
-21.896192030348395
-74.34850793810156
-82.21021619000562
-35.022907766790084
-59.06609002836793
-41.235972199598926
-42.32835770484934
-10.833466558522536
-55.580987373924856
-23.17034648698994
-72.1885483517617
-58.878344321435584
-56.45731564617516
-28.550146417407706
-20.595163099877258
-23.976137871616988
-45.70662007472074
-92.53517100017324
-43.964816157371196
-59.75903330573875
-72.6358599075749
-82.06772849631432
-14.903586253301768
-52.636272080168744
-76.45430839103042
-57.53550747610396
-29.8581849856344
-42.01981887358769
-50.935167196529385
-37.160796709799556
-16.741338188131326
-43.35586655921496
-44.2250060168337
-52.42505176316896
-63.31680455658152
-57.35860535897525
-25.345963327947505
-33.16281622994202
-33.798073806067734
-43.08097600392139
-26.30007288143061
-53.73275458807469
-80.45888692645144
-70.5322646306984
-48.210675516645296
-65.86492223528099
-40.827207367066755
-15.969864614824269
-27.969865353273438
-27.30893781709129
-67.63899656987627
-32.45101205115826
-60.20347289563213
-34.595647990146134
-52.19434647506997
-56.044855556096365
-15.383843847180085
-57.58172430202791
-37.24331734803094
-45.601910024112456
-20.284558810603848
-34.93667030909886
-8.396689011808025
-36.45593979106443
-109.54735749626208
-68.442583385381
-38.812510964785744
-12.735773073083836
-30.580282511158785
-18.449852632077995
-37.72526572061068
-38.87419122154592
-19.2974641742632
-19.218678541766014
-50.82428742954611
-54.072331099287815
-68.57636590302701
-46.09440478920222
-54.76638755739878
-48.11315361792204
-23.187073695325143
-54.919038857952806
-60.70533983092176
-40.71106073448275
-27.162058500735586
-56.24242545867043
-36.78675900648319
-38.38145848921382
-32.88919579093836
-21.84557635419328
-41.41410062216762
-40.07108063805088
-21.763842785618404
-48.38761578470475
-46.88651346403404
-32.53752659973342
-52.09572948057074
-54.17286427065635
-38.6148576269921
-31.052652519153654
-55.881751307886624
-36.75288668813976
-43.93249423013131
-38.80491395928752
-55.64121716885798
-39.581031899973546
-46.556963128696026
-41.65896302406309
-55.80528304463196
-23.637396580606705
-52.44575354509856
-13.3792295452249
-52.616976172182255
-101.87530259767898
-24.785577856537696
-12.553813772080696
-25.883325422419524
-29.9271290897069
-55.504386947790806
-14.638763660670945
-31.711041259135957
-12.14316735884167
-23.68454194766662
-51.36041003304868
-34.968994162983826
-63.75029107344826
-39.63207161097881
-27.02628939996288
-40.67377242001324
-38.3871667806675
-85.7221899769798
-5.407883424380032
-36.417561049676436
-56.543606039347
-27.1572859861964
-5.756670205659833
-7.015871771127458
-35.208922909457414
-6.979897824432236
-43.302852522740466
-60.18122187532646
-10.325816621906652
-64.00942077505839
-24.551608223947124
-48.34061610247922
-71.91155574057314
-29.815929142514623
-35.96611490469018
-29.972274989915416
-16.111872132037462
-40.0254141671413
-36.487496559489855
-60.69043935833732
-20.0917191316282
-17.53498253511333
-29.444002771681333
-44.97777182024601
-35.631798402041554
-86.50023813622386
-27.81550475559658
-38.14473974157213
-20.368245951039455
-46.18326179500956
-31.442098158097167
-71.85673558742072
-53.63385571173116
-37.913004519852066
-91.59701952621657
-48.51256701561172
-28.830201350947746
-70.64389889582874
-54.0852274370737
-44.811450787151436
-65.76687657075023
-39.29096488278012
-25.11647413626119
-39.83660166152001
-27.43618513963378
-39.515526151426435
-47.45930786285746
-60.512314220263484
-44.75330449690595
-12.711961187064515
-78.16888710395791
-22.497184189337183
-17.07840484925623
-37.123193182751855
-59.017296886972055
-57.07518475848643
-42.79800133215536
-50.2833505407627
-86.58084449970295
-38.47897797592353
-42.640326998342665
-11.991045265694034
-22.892263752917465
-41.39325849868989
-16.74804804240848
-16.722023426239144
-34.34994086871043
-51.62838764873926
-89.28944797810104
-30.151531116066916
-49.98242370984413
-23.65615903051705
-17.991437709999058
-35.36204615328594
-51.04044936995703
-34.29147582795252
-13.018547738257151
-108.60162861246577
-43.70961117144252
-54.19883632667454
-33.62750444918162
-51.52247420217034
-14.261596514331636
-14.822021976922297
-69.08861182930796
-64.24859910700174
-51.150265875049946
-103.94119263282
-10.152258288950087
-42.15832728049398
-37.331050356476496
-64.90442181141853
-16.96663341240745
-46.706268176580714
-40.263232789406764
-53.24857897769957
-59.67143955791627
-54.53471369039896
-37.483824826617116
-29.51937992102171
-59.39309151139616
-33.34584937303682
-47.50234057129442
-55.475259750198646
-36.00925800539407
-17.295518662367513
-84.90810333594762
-55.84286493397803
-8.16089902811799
-21.847497725071708
-36.31884275159881
-36.500981913505505
-54.05463541532107
-48.68865978118563
-33.08115118970552
-79.83522344885584
-3.665742646450926
-64.12532678361094
-109.52904335362771
-49.49062230171789
-51.98922828597072
-44.76909744795532
-42.46484995624964
-72.82305086049648
-16.768469538110192
-45.75115974541007
-27.5728064190812
-25.741942185607638
-46.41339251389565
-35.22434230986689
-22.908963970622448
-8.429175192151114
-38.214100105003986
-44.58368863736207
-13.950654070399656
-38.32329388496258
-52.49673908428007
-69.95484484982242
-81.23264735969813
-63.89131978778682
-41.07502972416264
-66.70374764989408
-46.72724326321967
-54.55310644547962
-42.40411800717124
-70.08671250403314
-68.8008574639175
-20.959499526610408
-34.53828104871292
-68.21930042224479
-14.103457241301241
-54.17344639837417
-30.333547372834133
-31.098643244875362
-7.8955575517322885
-65.3578658248747
-22.61817797922093
-41.37479115056144
-52.331415562253966
-27.102988910745054
-18.373531651227996
-25.190884381482785
-16.31992039967185
-33.460530166778604
-7.148562742927213
-15.023644503241524
-20.995076332936154
-67.92960793865791
-50.57257977016473
-62.36529199013809
-41.31080293829897
-14.899047898120584
-16.13277368853309
-77.55632022457874
-12.165589672120687
-82.18167901792964
-36.510105160053755
-79.31701612030898
-64.21260206566753
-16.452278740852922
-13.456658147592487
-9.854148245703811
-16.478873786973544
-26.883827196488646
-13.059219518284458
-21.385516283764876
-35.02754690647822
-42.697787809546746
-43.55206882810572
-37.760569427209106
-44.5813615678491
-56.458740181678216
-34.98118842897309
-35.79550327809328
-33.92291600704769
-82.36621791115338
-27.86932118995959
-28.09076289149329
-84.87961407524264
-54.21091814464863
-61.658331181014596
-107.70756597365366
-32.62815344814035
-53.4605341000647
-64.47336441176994
-10.762336046400328
-11.551307708871901
-14.730643909676084
-52.551337656603316
-53.612513576501016
-25.78883323452699
-37.247077180471045
-52.93333678179202
-27.59386829863343
-38.57041623538507
-14.300551971742795
-14.527560903939174
-26.99536091691871
-34.58965586942875
-11.748692170600881
-65.63995507609009
-23.457323346742765
-22.386235583316033
-46.976227072014716
-51.67717727261849
-34.806982295842325
-40.42654964420841
-11.667075232954144
-19.41785364245411
-21.156337971823632
-25.768599754181476
-32.428876847138746
-11.865489872098065
-45.20854126892244
-41.37682548020145
-64.95592917123774
-28.284143228226235
-41.49042263316228
-16.791950313903484
-17.35813321299194
-119.37680683525183
-21.90888526919786
-64.82100892033098
-55.062422754930935
-57.7931051627834
-37.565178935674844
-39.61562121776757